Events to look at
301, 1569, 33

source /srv/nfs/soft/spack_latest/spack/share/spack/setup-env.sh

srun --cpus-per-task=32 --mem=64G --pty --x11 bash -i

parallel -j 10 python3 TrackReader_image.py 53@{}_{} ::: 18403 2515 30324 31836 3760 3985 42747

squeue -u $USER -o "%.18i %.9P %100j %.8u %.8T %.10M %.9l %.6D %R"

ssh fys-s-tf-clc02 - Department Cluster

python3 kinematics_compare.py run=[53,54,55,56,57,58,59,60,61,62,63,64,65,66,67,68,69,70,71,72,73,74,75,76,78,79,80,81,82,85,86,89] group=True cutg=True save=True
python3 kinematics_compare.py run=[53,54,55,56,57,58,59,60,61,62,63,64,65,66,67,68,69,70,71,72,73,74,75,76,78,79,80,81,82,85,86,89] group=False cutg=True save=True
python3 kinematics_compare.py run=[53,54,55,56,57,58,59,60,61,62,63,64,65,66,67,68,69,70,71,72,73,74,75,76,78,79,80,81,82,85,86,89] group=True cutg=False save=True

================================================================================
PARALLEL COMMANDS  —  TrackReader_image.py per case
================================================================================

# Case A
parallel -j 18 python3 TrackReader_image.py 53@{}_{} ::: 237 11026 11052 14890 17056 18935 20028 21787 22966 24595 2607 4087 38437 41926 42243 44080 45546 863 6324 8670 9598 10216
parallel -j 18 python3 TrackReader_image.py 54@{}_{} ::: 10854 1157 12414 1978 17751 18487 21213 22168 22254 27957 33994 34966 41473 42503 43264 43395 44272 44281 45142 47228 5175 48586 5606 53485 53882 54047 6182 61577 6666 64836
parallel -j 18 python3 TrackReader_image.py 55@{}_{} ::: 10469 10958 11017 11606 11649 12447 13869 14526 14736 15880 16534 17728 18317 19349 19825 20565 21383 23575 24121 26349 27290 32478 40181 40184 41878 43802 44014 45939 53000 55025 55471 58219 59097 9471
parallel -j 18 python3 TrackReader_image.py 56@{}_{} ::: 488 1156 1294 12162 12354 15584 16551 16925 24120 24843 27415 28592 29055 32156 32571 33227 34426 35058 36422 37595 37836 38227 39329 43420 46517 47400 49378 50448 703 55516 55999 56643 5831 6068 59001 59090 6759 64365 8626 9631
parallel -j 18 python3 TrackReader_image.py 57@{}_{} ::: 520 12210 16134 1753 16936 26398 27108 27222 28469 29451 30909 34399 39674 4364 4598 44859 45114 46231 47271 47799 50706 5262 53079 53552 58173 61750
parallel -j 18 python3 TrackReader_image.py 58@{}_{} ::: 493 15935 1793 17563 21305 2280 22047 24202 25311 26519 27769 28283 28499 29765 30514 31018 3552 32916 33455 3651 37816 38374 40363 40852 42978 45033 49376 50874 51922 56105 56717 56972 58394 58397 8627 8751
parallel -j 18 python3 TrackReader_image.py 59@{}_{} ::: 3675
parallel -j 18 python3 TrackReader_image.py 60@{}_{} ::: 10715 11027 12955 17632 2421 21902 25048 27019 28966 30396 36022 38138 38164 38456 41962 43534 45732 48360 49120 49431 50375 54535 56391 59731 60981 6356 65371 65738 65895 66911 68137 71047 72892 7472 7624 75915
parallel -j 18 python3 TrackReader_image.py 61@{}_{} ::: 14 30 10785 14866 19366 19587 19774 19781 20694 21348 24876 25176 25835 2767 26961 27266 28250 30469 33797 36906 43083 46594 48085 48743 49370 53022 53502 57872 58610 58657 60904 63237 64925 74809 74847 76710 9004
parallel -j 18 python3 TrackReader_image.py 62@{}_{} ::: 12072 15687 19651 24167 24939 25854 25940 2613 40964 41065 44061 47341 5053 997 52966 56741 57935 59282 59668 59817 59871 61050 61060 61873 62363 63563 63888 67254 68923 73125 73249 8582 8900 9534

# Case B
parallel -j 18 python3 TrackReader_image.py 53@{}_{} ::: 165 10610 10640 12316 14421 17618 17651 20191 20725 20853 2523 22546 23016 24510 25366 26040 27369 27708 30032 30398 31521 31743 33368 35265 35710 35911 38489 40263 41675 41730 43101 43245 43413 44144 45851 48203 48612 50010 50129 50607 52088 6632 6872 7085 9898
parallel -j 18 python3 TrackReader_image.py 54@{}_{} ::: 10610 10907 12789 14642 14873 15381 16549 20054 20715 22047 23148 23188 23248 24131 25905 25944 2673 26809 28353 28425 28797 29372 30729 33272 34898 36845 36957 39097 40967 42891 43828 46584 49001 49963 50691 51249 51635 51898 5479 54370 56005 56253 5991 59232 60775 60922 62541 6479 63211 65349 6789 7045 7306
parallel -j 18 python3 TrackReader_image.py 55@{}_{} ::: 10489 10882 12293 12989 13015 13266 14951 15325 1988 16472 16865 18011 18271 18881 19273 20124 20376 21026 2184 23970 25627 3011 26922 27199 27317 28992 29373 29813 30305 30480 31330 31767 3610 32322 33752 34166 34313 34750 37553 39595 40142 42076 42464 45038 45731 46282 4814 51205 949 53622 6021 59013 59205 59342 59637 60185 6540 8096 8623 10110
parallel -j 18 python3 TrackReader_image.py 56@{}_{} ::: 17004 18381 18909 19630 19995 23333 3061 27258 27642 27764 28212 28871 30475 30835 31736 35043 3744 3905 4016 4142 37070 37132 39314 4568 42439 43412 43446 44415 45208 46620 48398 49403 49703 51394 51567 54268 58102 59194 59439 60671 61059 61329 6285 62645 7048 7485 8763 9935 9999
parallel -j 18 python3 TrackReader_image.py 57@{}_{} ::: 10522 14849 15399 15844 17387 18337 18599 19523 20403 2577 23191 24869 25255 26064 27870 29437 29635 30470 30919 31566 32494 32828 35511 36590 3780 37427 38425 40218 41031 4385 42945 44835 46273 46970 47214 47570 48599 49303 50327 51303 52269 1039 52405 53131 53655 54109 57617 58787 62178 6279 62838 7407 7418 7695
parallel -j 18 python3 TrackReader_image.py 58@{}_{} ::: 10836 15080 15190 17848 18113 20109 2190 23749 24567 24853 25709 26948 27998 29049 29380 29532 30675 30900 30963 31121 33553 36057 38839 39022 39707 39988 40208 4577 44000 46516 4865 4962 5050 49690 52088 5255 5565 53375 54155 54270 54796 55834 56122 6045 58703 59117 60567 7167 7955 9770
parallel -j 18 python3 TrackReader_image.py 59@{}_{} ::: 1325 169 1975 2665 2748 616 774 99
parallel -j 18 python3 TrackReader_image.py 60@{}_{} ::: 11610 12771 13743 1672 18023 19695 19780 21576 22440 22560 23351 23712 25111 25120 25501 25553 25720 26412 27048 27806 27840 30788 32348 34433 34795 35346 35550 37413 39231 40230 41231 41502 41530 42283 45257 47634 47901 50853 51199 5616 1007 52873 53188 53250 54768 56128 57685 57726 58050 59249 59835 62140 62394 6550 62646 63356 63973 64965 66113 69612 70316 72035 73188 76113 8169
parallel -j 18 python3 TrackReader_image.py 61@{}_{} ::: 192 354 10717 11407 11781 14320 15897 17078 17593 18298 18895 19584 21106 2093 2160 2521 21458 22727 24049 24749 26188 26954 27613 28389 29214 32247 33963 34069 34124 34717 36035 36888 3661 4138 37311 39582 40906 41563 42614 43225 44853 46404 48200 48642 49480 49687 51480 5584 821 52693 53909 56339 57310 6066 57862 58073 58523 59929 60181 62416 64234 65279 67609 67944 67996 69346 70072 70267 71616 72438 76562 76814 9306 9637
parallel -j 18 python3 TrackReader_image.py 62@{}_{} ::: 1320 1483 11679 12306 13137 14430 14894 15679 1837 16403 16631 17598 18035 20555 21536 22601 23085 23180 24317 25359 25382 25823 2837 26925 28091 28913 29454 29970 30041 3628 3636 36929 37049 46214 4783 48129 48708 49740 5575 728 52780 54949 56492 57615 59224 59438 59738 60166 60211 62347 63560 65238 66848 68261 69114 69669 72266 7747 8182 8866 9508

# Case C
parallel -j 18 python3 TrackReader_image.py 53@{}_{} ::: 15500 16542 17644 17993 18765 2768 2951 3053 28574 28774 29087 30740 35016 36919 38013 38349 43281 44576 44871 46303 47103 50015 51282 921 949 5834 8400 8519
parallel -j 18 python3 TrackReader_image.py 54@{}_{} ::: 10585 11222 11985 12650 13981 20025 20371 2498 22965 25418 26071 29353 31934 35493 37349 38789 39281 41333 46814 47161 5231 59251 62203 64592
parallel -j 18 python3 TrackReader_image.py 55@{}_{} ::: 11791 12634 13049 13760 15089 1971 16662 19813 2378 24430 25058 25753 28783 30426 31267 3363 34929 39518 45699 47100 55216 5981 60301 8804
parallel -j 18 python3 TrackReader_image.py 56@{}_{} ::: 63 10492 15655 16359 16555 16750 21156 29320 32087 32334 33013 33825 35993 46288 5148 47797 50578 54221 55760 59693 60091 62634 62913 63961 6855 9584
parallel -j 18 python3 TrackReader_image.py 57@{}_{} ::: 14502 15194 16216 18256 19345 19374 26586 29420 33750 34720 36984 40638 46194 46650 4689 50635 51721 57344 57930 58814 60364 6679 8063 8215
parallel -j 18 python3 TrackReader_image.py 58@{}_{} ::: 400 10490 10818 12488 14345 15125 16358 21387 22013 22630 27265 29103 29327 33699 35644 40126 41049 41463 41756 44015 44378 45552 52897 6959 7277 10150
parallel -j 18 python3 TrackReader_image.py 59@{}_{} ::: 3595 3820
parallel -j 18 python3 TrackReader_image.py 60@{}_{} ::: 1314 13788 13796 14909 15618 21762 22655 28123 29128 32295 32818 33752 33831 34761 34849 35503 38565 44594 4829 5580 5619 55686 57110 57233 57441 6547 63705 64106 65845 7127 69017 72566 73753 73920 75251 76294 9784
parallel -j 18 python3 TrackReader_image.py 61@{}_{} ::: 1053 12817 15825 18424 25329 26367 29299 30084 30812 31668 33107 34401 34416 42419 43722 44062 51711 62171 65064 6781 68754 69359 70269 72779 72943 73048 74541 76080 8282 9161 9673
parallel -j 18 python3 TrackReader_image.py 62@{}_{} ::: 12477 12704 15483 1645 16664 16692 20811 21387 21887 24292 35622 3989 40238 42614 43992 45636 45734 47823 47916 49121 49188 55675 57577 59910 60014 61680 62585 63572 7067 71002 8248 10331
================================================================================


  Criteria: HDBSCAN >= 3 clusters AND DBSCAN <= 50% of HDBSCAN
============================================================
  Event  10482  |  HDBSCAN=4  DBSCAN=2
  Event  10499  |  HDBSCAN=5  DBSCAN=2
  Event  10501  |  HDBSCAN=3  DBSCAN=1
  Event  10522  |  HDBSCAN=8  DBSCAN=1
  Event  10610  |  HDBSCAN=4  DBSCAN=2
  Event  10640  |  HDBSCAN=14  DBSCAN=3
  Event  10746  |  HDBSCAN=10  DBSCAN=5
  Event  10819  |  HDBSCAN=11  DBSCAN=1
  Event  10821  |  HDBSCAN=12  DBSCAN=6
  ============================================================
CLUSTER COMPARISON SUMMARY  (DBSCAN << HDBSCAN)
  Criteria: HDBSCAN >= 3 clusters AND DBSCAN <= 50% of HDBSCAN
============================================================
  Event   4199  |  HDBSCAN=3  DBSCAN=1
  Event   4206  |  HDBSCAN=5  DBSCAN=2
  Event   4224  |  HDBSCAN=3  DBSCAN=1
  Event   4232  |  HDBSCAN=18  DBSCAN=5
  Event   4350  |  HDBSCAN=6  DBSCAN=3
  Event   4370  |  HDBSCAN=12  DBSCAN=5
  Event   4553  |  HDBSCAN=4  DBSCAN=1
  Event   4578  |  HDBSCAN=15  DBSCAN=1

  ============================================================
CLUSTER COMPARISON SUMMARY  (DBSCAN << HDBSCAN)
  Criteria: HDBSCAN >= 3 clusters AND DBSCAN <= 50% of HDBSCAN
============================================================
  Event   9189  |  HDBSCAN=4  DBSCAN=2
  Event   9213  |  HDBSCAN=3  DBSCAN=1
  Event   9254  |  HDBSCAN=15  DBSCAN=7
  Event   9297  |  HDBSCAN=17  DBSCAN=3
  Event   9332  |  HDBSCAN=12  DBSCAN=5
  Event   9356  |  HDBSCAN=5  DBSCAN=2
  Event   9362  |  HDBSCAN=14  DBSCAN=7
  Event   9367  |  HDBSCAN=4  DBSCAN=2
  Event   9415  |  HDBSCAN=10  DBSCAN=5
  Event   9465  |  HDBSCAN=11  DBSCAN=3


  53 1525
  53 17320


python3 kinematics_compare.py run=[53,54,55,56,57,58,59,60,61,62,63,64,65,66,67,68,69,70,71,72,73,74,75,76,77,78,79,80,81,82] group=True cutg=True save=True. I want to run this, but I want to save a canvas only with two pads (one on the left and one on the right). On the left should be the histogram of excitation energy vs center of mass angle reconstructed using ransac, and on the right should be reconstructed using GMM+resp. Save the root file, as usual use group_true_cutg_true while saving root files, 

Runs not processed correctly
77,83,84,87,88
